93653
27995
69782
41563
48282
37517
68189
25255
65322
99897
35509
49013
92011
68830
36207
23559
58330
40186
63410
21671
79572
44529
28656
73412
85991
78294
23559
17882
17211
11644
80435
96101
86995
19028
77868
90255
25255
88912
63269
21548
71747
24477
31808
88912
77868
13754
36177
10894
85185
60500
91114
85134
77868
41563
14475
53324
53324
63753
47827
77536
40593
31274
97404
67531
50141
50674
32858
24813
89795
77868
57646
66502
39062
23559
65322
91636
19028
11644
23537
19028
47412
74334
44529
50980
80749
38495
90255
68830
73660
50980
14164
34362
28090
50713
11121
31274
38248
80106
13153
12727
40674
31053
33051
54436
95555
17329
79835
77868
23559
70046
22417
89690
34969
23559
50980
83301
77681
26236
92869
50980
28090
44529
31808
53056
12263
13121
82448
16530
21589
19658
14475
36493
48589
54974
88465
23537
53324
14329
74416
37003
40380
68189
18220
44111
46787
89795
25205
93653
50141
23559
11642
31274
61987
19028
20768
24325
94888
24394
99327
58818
68189
84917
83679
85099
52073
78294
24410
50980
90255
50980
71478
37150
28090
70055
68830
66585
50141
93653
35509
12437
87987
86995
89795
59660
11644
65322
59423
50141
95142
56227
33007
65641
53505
23537
87987
63910
50713
27554
93653
30520
79179
47209
36207
72254
44661
87987
25255
68107
71814
24813
22904
92731
68189
50674
90255
54116
53324
29145
85335
64775
51790
19794
96101
41345
39176
50141
23489
44529
86052
50801
17329
38984
37514
19794
14475
69571
50980
41563
72877
25234
90255
28090
65557
85065
23522
87600
41532
40116
19028
24977
50980
53324
97982
40884
53324
90651
19028
28090
98658
77868
65322
75705
79320
96101
16942
87327
31274
64314
24603
23559
38755
50713
68830
96101
31808
41563
68705
89031
65322
35601
59200
86995
68189
72688
96101
17329
77868
76226
92869
93653
93653
54726
70350
37102
64160
32684
32617
31808
81806
56568
60336
97703
40091
30486
31808
74633
61765
44529
25255
14393
19028
33190
54998
82083
68533
34363
19028
68276
68830
65514
76417
23537
90255
26450
28580
13674
30362
21256
92869
79529
94081
70556
99228
99097
39378
50980
78294
65322
27393
22132
71246
92869
96521
16880
88060
52634
57101
60809
28090
25255
33046
36207
53033
87987
65843
48858
38485
14664
96101
71241
73532
59278
18029
85374
78294
30817
45566
17058
27305
89795
41563
96101
51322
36831
14475
93653
36888
93491
23559
22876
68830
51611
75130
88543
96101
15010
21675
68830
78294
52104
89795
61399
56764
53394
28090
65322
76675
92068
93653
14475
50141
41637
35922
23559
47673
50906
38297
48139
61967
86995
96638
11644
19794
93403
72082
53324
25255
93653
10526
94340
16105
62764
31274
19016
66925
31274
50141
50713
31808
50713
42720
31976
99509
96101
68830
14043
50936
35509
65959
78860
50980
66788
44529
87987
71137
13674
31274
50075
96101
19028
25355
16168
81526
23559
65310
93094
36207
41643
22984
50141
93653
82791
36244
50799
90489
72630
50763
68830
78294
77868
57338
39984
83564
96101
74200
70445
17822
64460
86995
31274
88912
90255
60686
76843
92717
80674
89430
45722
97853
98414
68189
12029
36159
34697
59688
23559
14475
53324
25761
50674
50980
76308
13794
19411
28221
90255
79146
90483
85271
50141
87987
23559
68189
41682
97617
64641
53324
24803
57352
33040
53005
51641
29253
50713
61868
16129
80951
41626
76055
53465
13599
50980
44529
50141
93653
33135
77836
14393
83346
61967
47771
86995
96101
70347
14475
12880
11644
78294
93653
96101
68830
69934
28090
22671
27206
26257
57394
87036
21503
17504
82452
12706
44529
44260
50713
55412
14475
96101
62368
87990
87987
24149
91890
14393
84455
65359
71304
11644
92869
96101
59345
23559
26134
54273
65322
92869
28090
41226
92869
76485
86388
79503
15174
72153
86995
65333
51667
23559
57003
26154
21651
89795
43252
36207
11644
57954
15919
20805
86995
78035
34840
19814
92888
74905
68830
90052
65322
28090
62226
29324
50980
14393
68175
25255
84730
31274
40953
16926
27805
45159
41563
31274
62680
26879
61783
91325
17838
65350
77868
83273
66389
52439
19794
13010
95850
70145
65322
52161
10132
24077
89795
53090
36207
36207
69366
77868
88642
28090
69909
75146
92869
94990
48229
10547
68189
74202
40690
78294
15634
95459
14475
18593
87987
50490
37109
50141
23559
11032
40848
73483
32572
68189
20850
92869
50141
50216
73401
29952
32630
28090
58896
66916
59662
78294
19794
42610
50980
11753
58345
57644
31274
77868
25255
31274
44529
53324
19028
53525
89795
98749
89603
71046
85369
28090
53324
67097
75527
23559
97432
20185
73527
29274
14746
51614
11782
72623
60515
14393
34348
87987
68830
37199
31808
23005
99355
29073
81559
14535
78773
77868
89795
23537
22264
72800
73774
78294
92869
50141
86995
49951
28090
88912
89795
28090
85778
24813
14475
69982
14393
78294
53324
30191
19794
28090
63748
86674
52856
11644
56048
51278
77868
13349
79046
23361
53324
42297
48720
43636
35965
80864
50038
89795
67877
19028
68830
79443
44754
68830
92723
11707
45545
93653
44529
88109
64932
89795
31274
94895
92753
50713
78294
89795
57408
54676
38385
60320
22556
19922
23559
89795
69541
44529
96101
86835
50980
44529
32708
46071
93653
34155
43448
41828
86357
44529
25963
23537
36423
88912
98953
96101
93788
35143
35340
93653
59381
95783
33425
44529
69408
41563
86149
20022
92607
68830
39113
96101
34798
68189
29252
33458
87987
19794
81239
50980
11644
36588
95478
17329
57166
78294
31274
45653
44529
65582
77602
11644
50141
25255
21269
18020
90525
58381
28135
55754
50713
50713
73436
38709
39875
68830
71156
61967
31808
87987
87987
26340
49887
16547
92449
85451
77868
39885
25255
27363
77868
73746
28090
37556
89795
50674
95801
45253
86807
66992
35509
50980
50980
41563
40382
20051
68189
17329
81437
93653
78294
19794
26258
23250
74279
71512
23991
25255
41563
31274
14475
89795
67995
59930
17435
22185
53026
57523
39875
87987
44529
93653
44529
95746
23344
77580
11644
23483
11644
79381
60744
50674
77868
86995
93568
68830
80370
87987
51860
91981
28090
19794
87445
93653
15558
68830
31274
60096
11955
96101
36590
65322
50713
26351
31274
19028
52490
19028
45568
78294
50141
60052
10613
31808
93653
47607
23559
37760
53324
39170
68189
23559
50980
78294
50980
98671
96101
54526
65322
65309
52845
23537
16739
79935
69804
46609